448,192,847,128,0,3923:0:0:0:0:
64,192,847,1,0,0:0:0:0:
192,192,847,1,0,0:0:0:0:
64,192,1231,1,0,0:0:0:0:
192,192,1616,1,0,0:0:0:0:
320,192,1616,1,0,0:0:0:0:
320,192,2000,1,0,0:0:0:0:
64,192,2385,1,0,0:0:0:0:
192,192,2385,1,0,0:0:0:0:
192,192,2770,1,0,0:0:0:0:
192,192,3154,1,0,0:0:0:0:
320,192,3154,1,0,0:0:0:0:
64,192,3539,1,0,0:0:0:0:
192,192,3923,1,0,0:0:0:0:
64,192,3923,128,0,5462:0:0:0:0:
320,192,4308,1,0,0:0:0:0:
320,192,4693,1,0,0:0:0:0:
448,192,4693,1,0,0:0:0:0:
448,192,5077,1,0,0:0:0:0:
320,192,5462,1,0,0:0:0:0:
192,192,5462,128,0,7000:0:0:0:0:
320,192,5846,1,0,0:0:0:0:
64,192,6231,128,0,6423:0:0:0:0:
320,192,6423,128,0,6616:0:0:0:0:
448,192,6616,128,0,6808:0:0:0:0:
320,192,6808,128,0,7000:0:0:0:0:
64,192,7000,128,0,10077:0:0:0:0:
192,192,7385,1,0,0:0:0:0:
320,192,7770,1,0,0:0:0:0:
448,192,7770,1,0,0:0:0:0:
320,192,8154,1,0,0:0:0:0:
192,192,8539,1,0,0:0:0:0:
320,192,8539,1,0,0:0:0:0:
448,192,8923,1,0,0:0:0:0:
192,192,9308,1,0,0:0:0:0:
448,192,9308,1,0,0:0:0:0:
320,192,9693,1,0,0:0:0:0:
320,192,10077,1,0,0:0:0:0:
448,192,10077,128,0,13154:0:0:0:0:
192,192,10462,1,0,0:0:0:0:
64,192,10846,1,0,0:0:0:0:
320,192,10846,1,0,0:0:0:0:
64,192,11231,1,0,0:0:0:0:
192,192,11616,1,0,0:0:0:0:
64,192,11616,1,0,0:0:0:0:
320,192,12000,1,0,0:0:0:0:
64,192,12000,1,0,0:0:0:0:
64,192,12385,128,0,12577:0:0:0:0:
192,192,12577,128,0,12770:0:0:0:0:
320,192,12770,128,0,12962:0:0:0:0:
192,192,12962,128,0,13154:0:0:0:0:
64,192,13154,128,0,16231:0:0:0:0:
192,192,13539,1,0,0:0:0:0:
192,192,13923,1,0,0:0:0:0:
448,192,13923,1,0,0:0:0:0:
448,192,14308,1,0,0:0:0:0:
320,192,14693,1,0,0:0:0:0:
448,192,14693,1,0,0:0:0:0:
320,192,15077,1,0,0:0:0:0:
192,192,15462,1,0,0:0:0:0:
448,192,15462,1,0,0:0:0:0:
448,192,15846,1,0,0:0:0:0:
320,192,16039,1,0,0:0:0:0:
448,192,16231,128,0,19308:0:0:0:0:
64,192,16616,1,0,0:0:0:0:
192,192,16808,1,0,0:0:0:0:
64,192,17000,1,0,0:0:0:0:
320,192,17000,1,0,0:0:0:0:
320,192,17385,1,0,0:0:0:0:
192,192,17577,1,0,0:0:0:0:
64,192,17770,1,0,0:0:0:0:
320,192,17770,1,0,0:0:0:0:
192,192,18154,1,0,0:0:0:0:
64,192,18346,1,0,0:0:0:0:
192,192,18539,1,0,0:0:0:0:
320,192,18539,1,0,0:0:0:0:
192,192,18923,1,0,0:0:0:0:
320,192,19116,1,0,0:0:0:0:
64,192,19308,1,0,0:0:0:0:
192,192,19308,128,0,22385:0:0:0:0:
448,192,19693,1,0,0:0:0:0:
320,192,19885,1,0,0:0:0:0:
64,192,20077,1,0,0:0:0:0:
448,192,20077,1,0,0:0:0:0:
64,192,20462,1,0,0:0:0:0:
320,192,20654,1,0,0:0:0:0:
64,192,20846,1,0,0:0:0:0:
448,192,20846,1,0,0:0:0:0:
320,192,21231,1,0,0:0:0:0:
64,192,21423,1,0,0:0:0:0:
320,192,21616,1,0,0:0:0:0:
448,192,21616,1,0,0:0:0:0:
64,192,22000,1,0,0:0:0:0:
320,192,22193,1,0,0:0:0:0:
64,192,22385,1,0,0:0:0:0:
448,192,22385,128,0,25462:0:0:0:0:
320,192,22770,1,0,0:0:0:0:
192,192,22962,128,0,23154:0:0:0:0:
64,192,23154,1,0,0:0:0:0:
320,192,23154,1,0,0:0:0:0:
64,192,23539,1,0,0:0:0:0:
192,192,23731,128,0,23923:0:0:0:0:
320,192,23923,1,0,0:0:0:0:
64,192,23923,1,0,0:0:0:0:
192,192,24308,1,0,0:0:0:0:
64,192,24500,1,0,0:0:0:0:
320,192,24693,1,0,0:0:0:0:
192,192,24693,128,0,24885:0:0:0:0:
64,192,24885,128,0,25077:0:0:0:0:
192,192,25077,128,0,25270:0:0:0:0:
320,192,25270,128,0,25462:0:0:0:0:
192,192,25462,1,0,0:0:0:0:
64,192,25462,128,0,26616:0:0:0:0:
448,192,25846,1,0,0:0:0:0:
448,192,26039,1,0,0:0:0:0:
320,192,26231,1,0,0:0:0:0:
448,192,26231,1,0,0:0:0:0:
192,192,26423,1,0,0:0:0:0:
448,192,26616,128,0,28539:0:0:0:0:
64,192,27000,1,0,0:0:0:0:
192,192,27000,1,0,0:0:0:0:
320,192,27193,1,0,0:0:0:0:
192,192,27385,1,0,0:0:0:0:
64,192,27577,1,0,0:0:0:0:
192,192,27770,1,0,0:0:0:0:
320,192,27770,1,0,0:0:0:0:
64,192,27962,1,0,0:0:0:0:
192,192,28154,1,0,0:0:0:0:
320,192,28346,128,0,28539:0:0:0:0:
64,192,28539,1,0,0:0:0:0:
192,192,28539,1,0,0:0:0:0:
448,192,28731,1,0,0:0:0:0:
320,192,28923,1,0,0:0:0:0:
64,192,29116,1,0,0:0:0:0:
192,192,29116,1,0,0:0:0:0:
320,192,29308,1,0,0:0:0:0:
448,192,29308,1,0,0:0:0:0:
64,192,29500,1,0,0:0:0:0:
192,192,29693,1,0,0:0:0:0:
320,192,29885,1,0,0:0:0:0:
448,192,29885,1,0,0:0:0:0:
64,192,30077,1,0,0:0:0:0:
192,192,30077,1,0,0:0:0:0:
64,192,30270,1,0,0:0:0:0:
192,192,30462,1,0,0:0:0:0:
64,192,30654,1,0,0:0:0:0:
320,192,30654,1,0,0:0:0:0:
192,192,30846,1,0,0:0:0:0:
448,192,30846,1,0,0:0:0:0:
320,192,31039,1,0,0:0:0:0:
192,192,31231,1,0,0:0:0:0:
64,192,31231,1,0,0:0:0:0:
320,192,31423,1,0,0:0:0:0:
448,192,31423,1,0,0:0:0:0:
448,192,31616,1,0,0:0:0:0:
64,192,31616,128,0,34693:0:0:0:0:
192,192,31808,1,0,0:0:0:0:
320,192,32000,1,0,0:0:0:0:
192,192,32193,1,0,0:0:0:0:
320,192,32385,1,0,0:0:0:0:
448,192,32385,1,0,0:0:0:0:
448,192,32577,1,0,0:0:0:0:
320,192,32770,1,0,0:0:0:0:
192,192,32962,1,0,0:0:0:0:
192,192,33154,1,0,0:0:0:0:
320,192,33154,1,0,0:0:0:0:
448,192,33346,1,0,0:0:0:0:
320,192,33539,1,0,0:0:0:0:
448,192,33731,1,0,0:0:0:0:
192,192,33923,1,0,0:0:0:0:
448,192,33923,1,0,0:0:0:0:
320,192,34116,1,0,0:0:0:0:
320,192,34308,1,0,0:0:0:0:
192,192,34500,1,0,0:0:0:0:
320,192,34693,1,0,0:0:0:0:
448,192,34693,128,0,35462:0:0:0:0:
64,192,35077,1,0,0:0:0:0:
64,192,35270,128,0,35462:0:0:0:0:
320,192,35846,1,2,0:0:0:0:
448,192,35846,1,2,0:0:0:0:
320,192,36039,128,2,36135:0:0:0:0:
448,192,36039,128,2,36135:0:0:0:0:
64,192,36423,128,2,36520:0:0:0:0:
192,192,36423,128,2,36520:0:0:0:0:
320,192,37770,1,8,0:0:0:0:
448,192,37770,1,0,0:0:0:0:
64,192,37770,128,4,39308:0:0:0:0:
448,192,37962,1,0,0:0:0:0:
320,192,38154,1,0,0:0:0:0:
192,192,38346,1,2,0:0:0:0:
320,192,38539,1,8,0:0:0:0:
448,192,38539,1,0,0:0:0:0:
448,192,38731,1,0,0:0:0:0:
320,192,38923,1,2,0:0:0:0:
448,192,39116,1,2,0:0:0:0:
320,192,39308,1,0,0:0:0:0:
192,192,39308,128,0,40846:0:0:0:0:
64,192,39500,1,2,0:0:0:0:
320,192,39693,1,2,0:0:0:0:
448,192,39885,1,0,0:0:0:0:
64,192,40077,1,8,0:0:0:0:
320,192,40077,1,0,0:0:0:0:
448,192,40270,1,0,0:0:0:0:
448,192,40462,1,0,0:0:0:0:
320,192,40654,1,0,0:0:0:0:
64,192,40846,1,0,0:0:0:0:
448,192,40846,128,0,42385:0:0:0:0:
320,192,41039,1,0,0:0:0:0:
320,192,41231,1,0,0:0:0:0:
192,192,41423,1,2,0:0:0:0:
64,192,41616,1,8,0:0:0:0:
320,192,41616,1,0,0:0:0:0:
192,192,41808,1,0,0:0:0:0:
64,192,42000,1,2,0:0:0:0:
192,192,42193,1,0,0:0:0:0:
64,192,42385,1,0,0:0:0:0:
320,192,42385,128,0,43923:0:0:0:0:
64,192,42577,1,0,0:0:0:0:
192,192,42770,1,2,0:0:0:0:
448,192,42962,1,0,0:0:0:0:
192,192,43154,1,0,0:0:0:0:
64,192,43154,1,8,0:0:0:0:
64,192,43346,1,0,0:0:0:0:
64,192,43539,1,0,0:0:0:0:
64,192,43731,1,0,0:0:0:0:
448,192,43923,1,2,0:0:0:0:
64,192,43923,128,0,45462:0:0:0:0:
192,192,44116,1,2,0:0:0:0:
320,192,44308,1,0,0:0:0:0:
448,192,44500,128,2,44693:0:0:0:0:
192,192,44693,1,8,0:0:0:0:
320,192,44693,1,0,0:0:0:0:
192,192,44885,1,0,0:0:0:0:
320,192,45077,1,2,0:0:0:0:
448,192,45270,128,0,45462:0:0:0:0:
320,192,45462,1,0,0:0:0:0:
192,192,45462,128,0,47000:0:0:0:0:
64,192,45654,1,2,0:0:0:0:
320,192,45846,1,2,0:0:0:0:
64,192,46039,128,2,46231:0:0:0:0:
320,192,46231,1,8,0:0:0:0:
448,192,46231,1,0,0:0:0:0:
64,192,46423,1,0,0:0:0:0:
448,192,46616,1,0,0:0:0:0:
320,192,46808,128,0,47000:0:0:0:0:
64,192,47000,1,0,0:0:0:0:
448,192,47000,128,0,48539:0:0:0:0:
320,192,47193,1,0,0:0:0:0:
192,192,47385,1,0,0:0:0:0:
64,192,47577,128,2,47770:0:0:0:0:
192,192,47770,1,8,0:0:0:0:
320,192,47770,1,0,0:0:0:0:
64,192,47962,1,0,0:0:0:0:
192,192,48154,1,2,0:0:0:0:
320,192,48346,128,0,48539:0:0:0:0:
192,192,48539,1,0,0:0:0:0:
64,192,48539,128,0,49308:0:0:0:0:
448,192,48731,1,0,0:0:0:0:
320,192,48923,1,2,0:0:0:0:
192,192,49116,128,0,49308:0:0:0:0:
320,192,49308,1,0,0:0:0:0:
448,192,49308,128,8,50077:0:0:0:0:
64,192,49500,1,0,0:0:0:0:
192,192,49693,1,0,0:0:0:0:
320,192,49885,1,0,0:0:0:0:
64,192,50077,1,4,0:0:0:0:
192,192,50077,1,0,0:0:0:0:
320,192,50077,1,0,0:0:0:0:
64,192,50270,1,0,0:0:0:0:
64,192,50462,1,0,0:0:0:0:
64,192,50654,128,2,50846:0:0:0:0:
320,192,50846,1,8,0:0:0:0:
448,192,50846,1,0,0:0:0:0:
192,192,51039,1,0,0:0:0:0:
320,192,51231,1,2,0:0:0:0:
448,192,51423,128,0,51616:0:0:0:0:
64,192,51616,1,0,0:0:0:0:
320,192,51616,1,0,0:0:0:0:
320,192,51808,1,0,0:0:0:0:
320,192,52000,1,2,0:0:0:0:
320,192,52193,128,2,52385:0:0:0:0:
192,192,52385,1,8,0:0:0:0:
448,192,52385,1,0,0:0:0:0:
192,192,52577,1,0,0:0:0:0:
192,192,52770,1,0,0:0:0:0:
192,192,52962,128,0,53154:0:0:0:0:
64,192,53154,1,2,0:0:0:0:
448,192,53154,1,0,0:0:0:0:
448,192,53346,1,0,0:0:0:0:
448,192,53539,1,0,0:0:0:0:
448,192,53731,128,2,53923:0:0:0:0:
320,192,53923,1,0,0:0:0:0:
64,192,53923,1,8,0:0:0:0:
64,192,54116,1,0,0:0:0:0:
64,192,54308,1,2,0:0:0:0:
64,192,54500,128,0,54693:0:0:0:0:
192,192,54693,1,0,0:0:0:0:
448,192,54693,1,0,0:0:0:0:
192,192,54885,1,0,0:0:0:0:
192,192,55077,1,2,0:0:0:0:
192,192,55270,128,0,55462:0:0:0:0:
320,192,55462,1,8,0:0:0:0:
448,192,55462,1,0,0:0:0:0:
448,192,55654,1,0,0:0:0:0:
448,192,55846,1,0,0:0:0:0:
448,192,56039,128,0,56231:0:0:0:0:
64,192,56231,1,2,0:0:0:0:
192,192,56231,1,0,0:0:0:0:
320,192,56423,1,0,0:0:0:0:
448,192,56616,1,0,0:0:0:0:
320,192,56808,128,2,57000:0:0:0:0:
64,192,57000,1,8,0:0:0:0:
448,192,57000,1,0,0:0:0:0:
64,192,57193,1,0,0:0:0:0:
192,192,57385,1,2,0:0:0:0:
320,192,57577,128,0,57770:0:0:0:0:
192,192,57770,1,0,0:0:0:0:
448,192,57770,1,0,0:0:0:0:
64,192,57962,1,0,0:0:0:0:
192,192,58154,1,2,0:0:0:0:
320,192,58346,128,0,58539:0:0:0:0:
64,192,58539,1,8,0:0:0:0:
192,192,58539,1,0,0:0:0:0:
448,192,58731,1,0,0:0:0:0:
320,192,58923,1,0,0:0:0:0:
192,192,59116,128,2,59308:0:0:0:0:
320,192,59308,1,2,0:0:0:0:
448,192,59308,128,0,60077:0:0:0:0:
64,192,59500,1,0,0:0:0:0:
64,192,59693,1,0,0:0:0:0:
320,192,59885,1,2,0:0:0:0:
64,192,60077,1,8,0:0:0:0:
192,192,60077,1,0,0:0:0:0:
64,192,60270,1,0,0:0:0:0:
192,192,60462,1,8,0:0:0:0:
320,192,60654,1,8,0:0:0:0:
448,192,60654,1,0,0:0:0:0:
64,192,60846,1,2,0:0:0:0:
192,192,61039,1,8,0:0:0:0:
320,192,61231,1,8,0:0:0:0:
448,192,61231,1,0,0:0:0:0:
448,192,61423,1,2,0:0:0:0:
64,192,61616,1,8,0:0:0:0:
192,192,61616,1,0,0:0:0:0:
448,192,61808,1,0,0:0:0:0:
320,192,61808,1,8,0:0:0:0:
64,192,62000,1,8,0:0:0:0:
192,192,62000,1,0,0:0:0:0:
320,192,62193,1,8,0:0:0:0:
448,192,62193,1,0,0:0:0:0:
192,192,62385,1,0,0:0:0:0:
448,192,62385,1,0,0:0:0:0:
64,192,62385,128,4,63923:0:0:0:0:
192,192,62577,1,0,0:0:0:0:
320,192,62770,1,0,0:0:0:0:
448,192,62962,128,2,63154:0:0:0:0:
192,192,63154,1,8,0:0:0:0:
320,192,63154,1,0,0:0:0:0:
448,192,63346,1,0,0:0:0:0:
320,192,63539,1,2,0:0:0:0:
192,192,63731,128,0,63923:0:0:0:0:
320,192,63923,1,0,0:0:0:0:
448,192,63923,128,0,65462:0:0:0:0:
64,192,64116,1,2,0:0:0:0:
192,192,64308,1,2,0:0:0:0:
320,192,64500,128,0,64693:0:0:0:0:
192,192,64693,1,0,0:0:0:0:
64,192,64693,1,8,0:0:0:0:
64,192,64885,1,0,0:0:0:0:
192,192,65077,1,0,0:0:0:0:
320,192,65270,128,0,65462:0:0:0:0:
64,192,65462,1,2,0:0:0:0:
192,192,65462,128,0,67000:0:0:0:0:
448,192,65654,1,0,0:0:0:0:
320,192,65846,1,0,0:0:0:0:
64,192,66039,128,2,66231:0:0:0:0:
320,192,66231,1,8,0:0:0:0:
448,192,66231,1,0,0:0:0:0:
64,192,66423,1,0,0:0:0:0:
320,192,66616,1,2,0:0:0:0:
448,192,66808,128,2,67000:0:0:0:0:
64,192,67000,1,0,0:0:0:0:
320,192,67000,128,0,68539:0:0:0:0:
448,192,67193,1,0,0:0:0:0:
192,192,67385,1,2,0:0:0:0:
64,192,67577,128,0,67770:0:0:0:0:
192,192,67770,1,0,0:0:0:0:
448,192,67770,1,8,0:0:0:0:
448,192,67962,1,0,0:0:0:0:
192,192,68154,1,0,0:0:0:0:
64,192,68346,128,0,68539:0:0:0:0:
192,192,68539,1,2,0:0:0:0:
448,192,68539,128,0,70077:0:0:0:0:
64,192,68731,1,0,0:0:0:0:
192,192,68923,1,0,0:0:0:0:
320,192,69116,128,2,69308:0:0:0:0:
64,192,69308,1,8,0:0:0:0:
192,192,69308,1,0,0:0:0:0:
320,192,69500,1,0,0:0:0:0:
192,192,69693,1,2,0:0:0:0:
64,192,69885,128,0,70077:0:0:0:0:
192,192,70077,1,2,0:0:0:0:
320,192,70077,128,0,71616:0:0:0:0:
64,192,70270,1,0,0:0:0:0:
192,192,70462,1,2,0:0:0:0:
448,192,70654,128,0,70846:0:0:0:0:
64,192,70846,1,8,0:0:0:0:
192,192,70846,1,0,0:0:0:0:
64,192,71039,1,0,0:0:0:0:
192,192,71231,1,0,0:0:0:0:
448,192,71423,128,0,71616:0:0:0:0:
64,192,71616,1,0,0:0:0:0:
192,192,71616,1,0,0:0:0:0:
64,192,71808,1,0,0:0:0:0:
64,192,72000,1,0,0:0:0:0:
64,192,72193,1,2,0:0:0:0:
64,192,72385,1,0,0:0:0:0:
448,192,72385,1,8,0:0:0:0:
320,192,72385,1,0,0:0:0:0:
192,192,72577,1,0,0:0:0:0:
320,192,72770,1,2,0:0:0:0:
192,192,72962,1,0,0:0:0:0:
64,192,73154,1,0,0:0:0:0:
320,192,73154,1,0,0:0:0:0:
448,192,73154,1,0,0:0:0:0:
448,192,73346,1,0,0:0:0:0:
320,192,73539,1,2,0:0:0:0:
192,192,73731,1,0,0:0:0:0:
448,192,73923,1,0,0:0:0:0:
320,192,73923,1,8,0:0:0:0:
320,192,74116,1,0,0:0:0:0:
448,192,74116,1,0,0:0:0:0:
64,192,74308,1,0,0:0:0:0:
192,192,74308,1,0,0:0:0:0:
448,192,74500,1,0,0:0:0:0:
320,192,74500,1,0,0:0:0:0:
192,192,74693,1,0,0:0:0:0:
64,192,74693,1,4,0:0:0:0:
448,192,74693,1,0,0:0:0:0:
64,192,74885,1,0,0:0:0:0:
192,192,75077,1,0,0:0:0:0:
320,192,75270,128,2,75462:0:0:0:0:
64,192,75462,1,8,0:0:0:0:
192,192,75462,1,0,0:0:0:0:
448,192,75462,1,0,0:0:0:0:
448,192,75654,1,0,0:0:0:0:
448,192,75846,1,2,0:0:0:0:
448,192,76039,128,2,76231:0:0:0:0:
64,192,76231,1,0,0:0:0:0:
192,192,76231,1,0,0:0:0:0:
320,192,76423,1,0,0:0:0:0:
448,192,76616,1,2,0:0:0:0:
320,192,76808,128,0,77000:0:0:0:0:
448,192,77000,1,0,0:0:0:0:
64,192,77000,1,8,0:0:0:0:
192,192,77000,1,0,0:0:0:0:
64,192,77193,1,0,0:0:0:0:
64,192,77385,1,0,0:0:0:0:
64,192,77577,128,2,77770:0:0:0:0:
192,192,77770,1,0,0:0:0:0:
448,192,77770,1,2,0:0:0:0:
320,192,77962,1,0,0:0:0:0:
448,192,78154,1,0,0:0:0:0:
320,192,78346,128,2,78539:0:0:0:0:
64,192,78539,1,8,0:0:0:0:
192,192,78539,1,0,0:0:0:0:
448,192,78731,1,0,0:0:0:0:
320,192,78923,1,2,0:0:0:0:
192,192,79116,128,0,79308:0:0:0:0:
320,192,79308,1,0,0:0:0:0:
448,192,79308,1,0,0:0:0:0:
448,192,79500,1,0,0:0:0:0:
448,192,79693,1,2,0:0:0:0:
448,192,79885,128,0,80077:0:0:0:0:
64,192,80077,1,8,0:0:0:0:
192,192,80077,1,0,0:0:0:0:
320,192,80270,1,2,0:0:0:0:
320,192,80462,1,2,0:0:0:0:
320,192,80654,1,2,0:0:0:0:
192,192,80846,1,0,0:0:0:0:
448,192,80846,1,0,0:0:0:0:
64,192,80846,128,0,82385:0:0:0:0:
192,192,81231,128,0,82000:0:0:0:0:
320,192,81616,128,0,83154:0:0:0:0:
448,192,82000,128,0,82770:0:0:0:0:
192,192,82385,128,0,83923:0:0:0:0:
64,192,82770,128,0,83539:0:0:0:0:
448,192,83154,128,0,83923:0:0:0:0:
320,192,83539,128,0,83923:0:0:0:0:
64,192,83923,128,0,87000:0:0:0:0:
320,192,84308,1,0,0:0:0:0:
192,192,84500,1,0,0:0:0:0:
320,192,84693,1,0,0:0:0:0:
448,192,84693,1,0,0:0:0:0:
192,192,85077,1,0,0:0:0:0:
192,192,85270,1,0,0:0:0:0:
320,192,85654,1,0,0:0:0:0:
448,192,85654,1,0,0:0:0:0:
448,192,85846,1,0,0:0:0:0:
192,192,86231,1,0,0:0:0:0:
320,192,86231,1,0,0:0:0:0:
192,192,86423,1,0,0:0:0:0:
320,192,86616,1,0,0:0:0:0:
448,192,86808,1,0,0:0:0:0:
320,192,86808,128,0,88539:0:0:0:0: